16
17
18
19
20
21
22
23
24
25
26
27
28
29
30
31
32
33
34
35
36
37
38
44
64
87
91
93
94
108
126
127
128
129
130
149
153
163
175
192
193
198
201
202
203
204
217
218
219
220
221
222
223
224
225
229
231
232
234
241
244
251
265
273
282
283
286
291
293
295
298
301
305
318
319
344
348
350
364
376
379
381
422
423
424
425
426
430
436
442
450
451
456
457
458
459
461
465
468
469
471
472
475
477
491
494
509
510
514
539
540
546
548
549
552
579
590
677
688
721
726
730
749
751
758
782
810
811
828
864
865
873
880
881
890
907
929
930
952
954
998
1008
1009
1017
1058
1106
1138
1145
1149
1162
1164
1223
1227
1236
1237
1238
1251
1252
1255
1256
1263
1266
1272
1283
1292
1294
1299
1302
1305
1321
1381
1410
1478
1479
1489
1505
1508
1509
1523
1531
1549
1552
1553
1556
1560
1563
1564
1575
1586
1625
1634
1643
1659
1701
1702
1703
1704
1705
1706
1707
1708
1709
1710
1711
1712
1713
1714
1715
1716
1717
1719
1732
1746
1785
1788
1800
1832
1854
1887
1897
1920
1921
1928
1929
1930
1937
1944
1952
1958
1959
1964
1972
1981
1990
1997
2029
2038
2049
2067
2075
2080
2089
2167
2179
2196
2212
2229
2245
2304
2307
2311
2337
2363
2400
2401
2404
2405
2406
2407
2417
2421
2434
2495
2512
2566
2577
2584
2615
2623
2644
2682
2782
2815
2859
2860
2865
2872
2899
2902
2966
2967
3002
3012
3013
3020
3082
3139
3159
3168
3193
3226
3231
3264
3274
3281
3288
3295
3299
3303
3307
3308
3309
3310
3311
3315
3323
3329
3336
3342
3343
3350
3353
3359
3360
3367
3372
3375
3382
3383
3390
3397
3402
3406
3410
3411
3414
3421
3428
3435
3442
3449
3456
3457
3464
3471
3478
3485
3492
3499
3506
3513
3514
3515
3516
3522
3529
3536
3543
3544
3551
3558
3565
3572
3579
3586
3593
3600
3606
3608
3615
3622
3623
3632
3634
3637
3644
3651
3658
3665
3672
3674
3679
3686
3693
3700
3708
3714
3721
3728
3735
3742
3749
3756
3763
3771
4011
4012
4013
4014
4721
4722
4801
4853
4878
4879
5071
5081
5114
5166
5167
5198
5280
5281
5284
5285
5293
5294
5295
5296
5297
5299
5315
5354
5355
5358
5427
5487
5489
5502
5599
